1 0.35182291666666665 0.9060185185185186 0.0640625 0.18796296296296297
1 0.13333333333333333 0.7569444444444444 0.06666666666666667 0.1361111111111111
1 0.22369791666666666 0.700462962962963 0.10989583333333333 0.09537037037037037
1 0.9739583333333334 0.9462962962962963 0.052083333333333336 0.10740740740740741
2 0.04765625 0.9337962962962963 0.09427083333333333 0.13240740740740742
2 0.35963541666666665 0.6277777777777778 0.0796875 0.05925925925925926
2 0.47109375 0.5467592592592593 0.07447916666666667 0.06759259259259259
2 0.56953125 0.7087962962962963 0.0890625 0.08981481481481482
0 0.5955729166666667 0.8004629629629629 0.1078125 0.1527777777777778
0 0.23385416666666667 0.5152777777777777 0.06354166666666666 0.06574074074074074
0 0.6888020833333334 0.5328703703703703 0.0671875 0.14537037037037037