2 0.10404191616766467 0.363265306122449 0.1781437125748503 0.4122448979591837
2 0.2754491017964072 0.3673469387755102 0.16766467065868262 0.40408163265306124
2 0.4408682634730539 0.37551020408163266 0.15718562874251496 0.3877551020408163
2 0.6002994011976048 0.3816326530612245 0.15868263473053892 0.39591836734693875
2 0.7627245508982036 0.3806122448979592 0.1601796407185629 0.3979591836734694
2 0.9176646706586826 0.3877551020408163 0.15568862275449102 0.3836734693877551
2 0.1122754491017964 0.7571428571428571 0.17065868263473055 0.3836734693877551
2 0.27619760479041916 0.7642857142857142 0.1631736526946108 0.38571428571428573
2 0.4341317365269461 0.7571428571428571 0.15568862275449102 0.37551020408163266
2 0.5898203592814372 0.7663265306122449 0.15868263473053892 0.37755102040816324
2 0.7477544910179641 0.7714285714285715 0.15718562874251496 0.3795918367346939
2 0.905688622754491 0.7673469387755102 0.15868263473053892 0.37142857142857144