0 0.2752604166666667 0.6296296296296297 0.0828125 0.14444444444444443
0 0.4583333333333333 0.4726851851851852 0.07395833333333333 0.075
1 0.31927083333333334 0.4361111111111111 0.06979166666666667 0.07037037037037037
1 0.6026041666666667 0.4597222222222222 0.04583333333333333 0.0712962962962963
1 0.7526041666666666 0.5398148148148149 0.11145833333333334 0.07777777777777778
1 0.8018229166666667 0.5106481481481482 0.10364583333333334 0.08611111111111111
0 0.9200520833333333 0.7574074074074074 0.11197916666666667 0.1111111111111111
2 0.7716145833333333 0.4444444444444444 0.0421875 0.05555555555555555
2 0.65 0.5962962962962963 0.08229166666666667 0.05740740740740741
2 0.53359375 0.6884259259259259 0.09322916666666667 0.08611111111111111
2 0.4578125 0.5342592592592592 0.071875 0.06296296296296296