2 0.10625 0.7300925925925926 0.084375 0.10277777777777777
2 0.37890625 0.5337962962962963 0.0703125 0.05648148148148148
2 0.4822916666666667 0.48009259259259257 0.06458333333333334 0.05462962962962963
2 0.5604166666666667 0.5925925925925926 0.078125 0.07407407407407407
0 0.57578125 0.6472222222222223 0.09427083333333333 0.12222222222222222
0 0.27265625 0.45416666666666666 0.0578125 0.06018518518518518
1 0.184375 0.6162037037037037 0.06041666666666667 0.10277777777777777
1 0.26171875 0.5787037037037037 0.0921875 0.07962962962962963
1 0.365625 0.7203703703703703 0.05 0.14814814814814814
1 0.88828125 0.8009259259259259 0.06302083333333333 0.18333333333333332
0 0.67734375 0.4625 0.059895833333333336 0.12129629629629629