1 0.3645833333333333 0.8231481481481482 0.057291666666666664 0.17777777777777778
1 0.9466145833333334 0.9060185185185186 0.06614583333333333 0.18796296296296297
1 0.2518229166666667 0.6458333333333334 0.09947916666666666 0.08796296296296297
1 0.16692708333333334 0.6888888888888889 0.06302083333333333 0.12222222222222222
2 0.07916666666666666 0.8356481481481481 0.09583333333333334 0.12314814814814815
2 0.37838541666666664 0.5921296296296297 0.07552083333333333 0.05462962962962963
2 0.48828125 0.5282407407407408 0.0671875 0.058333333333333334
0 0.26510416666666664 0.49722222222222223 0.06041666666666667 0.06111111111111111
2 0.5755208333333334 0.662962962962963 0.08541666666666667 0.08148148148148149
0 0.6958333333333333 0.5157407407407407 0.06354166666666666 0.13148148148148148
0 0.5940104166666667 0.7328703703703704 0.10260416666666666 0.1361111111111111