2 0.09401041666666667 0.7787037037037037 0.09114583333333333 0.11296296296296296
2 0.3809895833333333 0.5583333333333333 0.07239583333333334 0.05185185185185185
2 0.48671875 0.5013888888888889 0.06614583333333333 0.05462962962962963
2 0.5700520833333333 0.6236111111111111 0.08177083333333333 0.0787037037037037
1 0.1765625 0.649074074074074 0.059375 0.1111111111111111
1 0.25859375 0.6097222222222223 0.09635416666666667 0.08425925925925926
1 0.36614583333333334 0.7675925925925926 0.053125 0.16296296296296298
0 0.2708333333333333 0.47129629629629627 0.059375 0.06111111111111111
0 0.58671875 0.6851851851851852 0.10052083333333334 0.1259259259259259
0 0.6893229166666667 0.4847222222222222 0.06197916666666667 0.125
1 0.9197916666666667 0.8606481481481482 0.06354166666666666 0.21388888888888888