1 0.37083333333333335 0.6912037037037037 0.06458333333333334 0.23055555555555557
1 0.8690104166666667 0.8560185185185185 0.0609375 0.25833333333333336
1 0.14635416666666667 0.449537037037037 0.078125 0.16944444444444445
1 0.22421875 0.38472222222222224 0.1109375 0.11203703703703703
2 0.096875 0.6921296296296297 0.08541666666666667 0.1398148148148148
0 0.203125 0.09444444444444444 0.07083333333333333 0.08148148148148149
0 0.5755208333333334 0.5787037037037037 0.09479166666666666 0.1388888888888889
0 0.6622395833333333 0.2162037037037037 0.06197916666666667 0.16203703703703703
2 0.3455729166666667 0.29768518518518516 0.07760416666666667 0.05462962962962963
2 0.45026041666666666 0.18518518518518517 0.0703125 0.06851851851851852
2 0.5510416666666667 0.4412037037037037 0.08020833333333334 0.08611111111111111