2 0.4830729166666667 0.48148148148148145 0.06614583333333333 0.053703703703703705
2 0.38046875 0.5342592592592592 0.06927083333333334 0.05185185185185185
2 0.1078125 0.7305555555555555 0.08645833333333333 0.1037037037037037
2 0.5606770833333333 0.5925925925925926 0.08072916666666667 0.07407407407407407
0 0.2734375 0.4532407407407407 0.059375 0.062037037037037036
0 0.57421875 0.6458333333333334 0.09739583333333333 0.11203703703703703
0 0.6776041666666667 0.46435185185185185 0.059375 0.12129629629629629
1 0.18229166666666666 0.6138888888888889 0.057291666666666664 0.10185185185185185
1 0.26171875 0.5805555555555556 0.09322916666666667 0.07592592592592592
1 0.36770833333333336 0.7222222222222222 0.05 0.14629629629629629
1 0.8875 0.8023148148148148 0.06041666666666667 0.1712962962962963