1 0.5286458333333334 0.6796296296296296 0.09166666666666666 0.07962962962962963
1 0.6455729166666667 0.5949074074074074 0.0828125 0.06388888888888888
1 0.45416666666666666 0.5300925925925926 0.07083333333333333 0.06018518518518518
0 0.2752604166666667 0.6259259259259259 0.08072916666666667 0.1388888888888889
0 0.9122395833333333 0.7541666666666667 0.10885416666666667 0.11388888888888889
0 0.4552083333333333 0.46944444444444444 0.07291666666666667 0.07407407407407407
1 0.3171875 0.4337962962962963 0.06979166666666667 0.06759259259259259
1 0.5989583333333334 0.45740740740740743 0.046875 0.07222222222222222
1 0.7479166666666667 0.537962962962963 0.10833333333333334 0.07777777777777778
1 0.7973958333333333 0.5078703703703704 0.1 0.08796296296296297
2 0.7666666666666667 0.44351851851851853 0.041666666666666664 0.05740740740740741